t, t_rel, V_sys, V_bat, V_in, lux
2019-11-14 15:34:28.613858, 0.000000, 3.442399, 3.442414, 0.100210, 0.000000
2019-11-14 15:34:29.915721, 1.295811, 3.442393, 3.442407, 0.098690, 0.000000
2019-11-14 15:34:31.265346, 2.597674, 3.442384, 3.442401, 0.097182, 0.000000
2019-11-14 15:34:32.562522, 3.947299, 3.442382, 3.442394, 0.095860, 0.000000
2019-11-14 15:34:33.892219, 5.254521, 3.442372, 3.442388, 0.094629, 0.000000
2019-11-14 15:34:35.217730, 6.574173, 3.442368, 3.442382, 0.093505, 0.000000
2019-11-14 15:34:36.508777, 7.899683, 3.442362, 3.442376, 0.092499, 0.000000
2019-11-14 15:34:37.835856, 9.190730, 3.442357, 3.442370, 0.091556, 0.000000
2019-11-14 15:34:39.154904, 10.517809, 3.442350, 3.442364, 0.090714, 0.000000
2019-11-14 15:34:40.454403, 11.836858, 3.442345, 3.442358, 0.089906, 0.000000
2019-11-14 15:34:41.777024, 13.136356, 3.442341, 3.442350, 0.087477, 0.000000
2019-11-14 15:34:43.097282, 14.458978, 3.442333, 3.441979, 0.087586, 0.000000
2019-11-14 15:34:44.396007, 15.779236, 3.441873, 3.442320, 0.086448, 0.000000
2019-11-14 15:34:45.766407, 17.077961, 3.442297, 3.442335, 0.085566, 0.000000
2019-11-14 15:34:47.064552, 18.448361, 3.442316, 3.442329, 0.094644, 0.000000
2019-11-14 15:34:48.431662, 19.746505, 3.442307, 3.442324, 0.085236, 0.000000
2019-11-14 15:34:49.730046, 21.113616, 3.442303, 3.442319, 0.084572, 0.000000
2019-11-14 15:34:51.058907, 22.411999, 3.442297, 2.717099, -0.043816, 0.000000
2019-11-14 15:34:52.376755, 23.740861, 2.308453, 2.679721, 0.043582, 0.000000
2019-11-14 15:34:53.676250, 25.058708, 2.387360, 2.676494, 0.048893, 0.000000
2019-11-14 15:34:55.046423, 26.358203, 2.407004, 2.670390, 0.053070, 0.000000
2019-11-14 15:34:56.343925, 27.728376, 2.381132, 2.655802, 0.056093, 0.000000
2019-11-14 15:34:57.672333, 29.025878, 2.385722, 2.636551, 0.058571, 0.000000
2019-11-14 15:34:58.991374, 30.354286, 2.345870, 2.644641, 0.060749, 0.000000
2019-11-14 15:35:00.291404, 31.673327, 2.344059, 2.636419, 0.062532, 0.000000
2019-11-14 15:35:01.611589, 32.973358, 2.339419, 2.621762, 0.064025, 0.000000
2019-11-14 15:35:02.929356, 34.293543, 2.323976, 2.597741, 0.064963, 0.000000
2019-11-14 15:35:04.275522, 35.621062, 2.325951, 2.584182, 0.066183, 0.000000
2019-11-14 15:35:05.605026, 36.957475, 2.294306, 2.580321, 0.066965, 0.000000
2019-11-14 15:35:06.904098, 38.286979, 2.291864, 2.601417, 0.022660, 0.000000
2019-11-14 15:35:08.314187, 39.586051, 2.313493, 2.574862, 0.032612, 0.000000
2019-11-14 15:35:09.612519, 40.996141, 2.294906, 2.577491, 0.039179, 0.000000
2019-11-14 15:35:10.935752, 42.304420, 2.285343, 2.582849, 0.044101, 0.000000
2019-11-14 15:35:12.237617, 43.617706, 2.287580, 2.568892, 0.048085, 0.000000
2019-11-14 15:35:13.556213, 44.919571, 2.278047, 2.535754, 0.051484, 0.000000
2019-11-14 15:35:14.880276, 46.238166, 2.252725, 2.518750, 0.054398, 0.000000
2019-11-14 15:35:16.176349, 47.562229, 2.271221, 2.531535, 0.033164, 0.000000
2019-11-14 15:35:17.505786, 48.858302, 2.259870, 2.480623, 0.040003, 0.000000
2019-11-14 15:35:18.822403, 50.187740, 2.187186, 2.473796, 0.044833, 0.000000
2019-11-14 15:35:20.122725, 51.504357, 2.178923, 2.466617, 0.048626, 0.000000
2019-11-14 15:35:21.491437, 52.804679, 2.171621, 2.458791, 0.051878, 0.000000
2019-11-14 15:35:22.789615, 54.173390, 2.164824, 2.451539, 0.054498, 0.000000
2019-11-14 15:35:24.156464, 55.471569, 2.156119, 2.445706, 0.035243, 0.000000
2019-11-14 15:35:25.457492, 56.838417, 2.151151, 2.440296, 0.014819, 0.000000
2019-11-14 15:35:26.785766, 58.139446, 2.145903, 2.434571, 0.024787, 0.000000
2019-11-14 15:35:28.103428, 59.467720, 2.140593, 2.428869, 0.032190, 0.000000
2019-11-14 15:35:29.393156, 60.785381, 2.133465, 2.423248, 0.037971, 0.000000
2019-11-14 15:35:30.773396, 62.084791, 2.128047, 2.417486, 0.042930, 0.000000
2019-11-14 15:35:32.063682, 63.455349, 2.123027, 2.412500, 0.046711, 0.000000
2019-11-14 15:35:33.442108, 64.745636, 2.118383, 2.414393, 0.050176, 0.000000
2019-11-14 15:35:34.741507, 66.124061, 2.128144, 2.445359, 0.052764, 0.000000
2019-11-14 15:35:36.061759, 67.423460, 2.154489, 2.448251, 0.055033, 0.000000
2019-11-14 15:35:37.387221, 68.743712, 2.154215, 2.444052, 0.056927, 0.000000
2019-11-14 15:35:38.677098, 70.069175, 2.149072, 2.437568, 0.058528, 0.000000
2019-11-14 15:35:40.045530, 71.359052, 2.143008, 2.432565, 0.059844, 0.000000
2019-11-14 15:35:41.341854, 72.727483, 2.136929, 2.427488, 0.060997, 0.000000
2019-11-14 15:35:42.708340, 74.023807, 2.132975, 2.424699, 0.054143, 0.000000
2019-11-14 15:35:44.006146, 75.390293, 2.130140, 2.420366, 0.026237, 0.000000
2019-11-14 15:35:45.302149, 76.688099, 2.125796, 2.414206, 0.033324, 0.000000
2019-11-14 15:35:46.660906, 77.984102, 2.117772, 2.406872, 0.039181, 0.000000
2019-11-14 15:35:47.960782, 79.342860, 2.111420, 2.399237, 0.043621, 0.000000
2019-11-14 15:35:49.278546, 80.642735, 2.102951, 2.396346, 0.047282, 0.000000
2019-11-14 15:35:50.605127, 81.960499, 2.101763, 2.393367, 0.045394, 0.000000
2019-11-14 15:35:51.903315, 83.287080, 2.097695, 2.389914, 0.033287, 0.000000
2019-11-14 15:35:53.221366, 84.585268, 2.094211, 2.385246, 0.038989, 0.000000
2019-11-14 15:35:54.549350, 85.903320, 2.089914, 2.380523, 0.043494, 0.000000
2019-11-14 15:35:55.846732, 87.231303, 2.083549, 2.374896, 0.047235, 0.000000
2019-11-14 15:35:57.214941, 88.528686, 2.078168, 2.369055, 0.030118, 0.000000
2019-11-14 15:35:58.531894, 89.896895, 2.072932, 2.363822, 0.033881, 0.000000
2019-11-14 15:35:59.842845, 91.213848, 2.073861, 2.366147, 0.039521, 0.000000
2019-11-14 15:36:01.160707, 92.524798, 2.068216, 2.360372, 0.012937, 0.000000
2019-11-14 15:36:02.460583, 93.842660, 2.063543, 2.355390, 0.020463, 0.000000
2019-11-14 15:36:03.779950, 95.142537, 2.058958, 2.349301, 0.028187, 0.000000
2019-11-14 15:36:05.108278, 96.461903, 2.051791, 2.342623, 0.034722, 0.000000
2019-11-14 15:36:06.397497, 97.790231, 2.043902, 2.336857, 0.039425, 0.000000
2019-11-14 15:36:07.734799, 99.079450, 2.039905, 2.331037, 0.043664, 0.000000
2019-11-14 15:36:09.050484, 100.416752, 2.033468, 2.325284, 0.047181, 0.000000
2019-11-14 15:36:10.343582, 101.732438, 2.027005, 2.319806, 0.050491, 0.000000
2019-11-14 15:36:11.715692, 103.025536, 2.021182, 2.311789, 0.053123, 0.000000
2019-11-14 15:36:13.012280, 104.397645, 2.014032, 2.307044, 0.055076, 0.000000
2019-11-14 15:36:14.381827, 105.694233, 2.007364, 2.301792, 0.056581, 0.000000
2019-11-14 15:36:15.680756, 107.063781, 2.002956, 2.296440, 0.057924, 0.000000
2019-11-14 15:36:16.997803, 108.362710, 1.997904, 2.291431, 0.059224, 0.000000
2019-11-14 15:36:18.326647, 109.679756, 1.991661, 2.286723, 0.060221, 0.000000
2019-11-14 15:36:19.615586, 111.008600, 1.987033, 2.281761, 0.020352, 0.000000
2019-11-14 15:36:20.943768, 112.297539, 1.982053, 2.276842, 0.029266, 0.000000
2019-11-14 15:36:22.262253, 113.625721, 1.977485, 2.271802, 0.035257, 0.000000
2019-11-14 15:36:23.559419, 114.944206, 1.971026, 2.266751, 0.040259, 0.000000
2019-11-14 15:36:24.889978, 116.241372, 1.966122, 2.261949, 0.044356, 0.000000
2019-11-14 15:36:26.217483, 117.571932, 1.961524, 2.256603, 0.047957, 0.000000
2019-11-14 15:36:27.523108, 118.899437, 1.956508, 2.251494, 0.031755, 0.000000
2019-11-14 15:36:28.881354, 120.205061, 1.949968, 2.246280, 0.037947, 0.000000
2019-11-14 15:36:30.171603, 121.563308, 1.945110, 2.241410, 0.042346, 0.000000
2019-11-14 15:36:31.498687, 122.853556, 1.940368, 2.236450, 0.046222, 0.000000
2019-11-14 15:36:32.826541, 124.180640, 1.934022, 2.231453, 0.026570, 0.000000
2019-11-14 15:36:34.123092, 125.508495, 1.929207, 2.811328, 0.033964, 0.000000
2019-11-14 15:36:35.495106, 126.805046, 0.000062, 2.813502, 0.039453, 0.000000
2019-11-14 15:36:36.792974, 128.177059, 0.000029, 2.814878, 0.043737, 0.000000
2019-11-14 15:36:38.161229, 129.474927, 0.000029, 2.816138, 0.047591, 0.000000
2019-11-14 15:36:39.463450, 130.843183, 0.000026, 2.817222, 0.050464, 0.000000
2019-11-14 15:36:40.778089, 132.145404, 0.000026, 2.818230, 0.052982, 0.000000
2019-11-14 15:36:42.100908, 133.460043, 0.000021, 2.819168, 0.054957, 0.000000
2019-11-14 15:36:43.398667, 134.782862, 0.000018, 2.820021, 0.056796, 0.000000
2019-11-14 15:36:44.725979, 136.080621, 0.000015, 2.820841, 0.058322, 0.000000
2019-11-14 15:36:46.050901, 137.407933, 0.000019, 2.821606, 0.059731, 0.000000
2019-11-14 15:36:47.339557, 138.732854, 0.000019, 2.822313, 0.060758, 0.000000
2019-11-14 15:36:48.707511, 140.021510, 0.000019, 2.823014, 0.061845, 0.000000
2019-11-14 15:36:50.005959, 141.389464, 0.000015, 2.823646, 0.062660, 0.000000
2019-11-14 15:36:51.382985, 142.687912, 0.000019, 2.824279, 0.085765, 0.000000
2019-11-14 15:36:52.673286, 144.064938, 0.000019, 2.824845, 0.055962, 0.000000
2019-11-14 15:36:53.991740, 145.355240, 0.000023, 2.825391, 0.065578, 0.000000
2019-11-14 15:36:55.288267, 146.673694, 0.000025, 2.825904, 0.066941, 0.000000
2019-11-14 15:36:56.594752, 147.970221, 0.000926, 2.826397, 0.066924, 0.000000
2019-11-14 15:36:57.882833, 149.276706, 0.002526, 2.826863, 0.064967, 0.000000
2019-11-14 15:36:59.183611, 150.564786, 0.002806, 2.827312, 0.065547, 0.000000
2019-11-14 15:37:00.552796, 151.865565, 0.004662, 2.827747, 0.064453, 0.000000
2019-11-14 15:37:01.842425, 153.234749, 0.005875, 2.828174, 0.217642, 0.000000
2019-11-14 15:37:03.169911, 154.524379, 0.006974, 2.828574, 0.115419, 0.000000
2019-11-14 15:37:04.486874, 155.851865, 0.007979, 2.828960, 0.070823, 0.000000
2019-11-14 15:37:05.784406, 157.168828, 0.009205, 2.829322, 0.346793, 0.000000
2019-11-14 15:37:07.154553, 158.466360, 0.010146, 2.829692, 0.368635, 0.000000
2019-11-14 15:37:08.461049, 159.836506, 1.110723, 2.830451, 2.105125, 421.000000
2019-11-14 15:37:09.829323, 161.143002, 2.830422, 2.831563, 2.099848, 452.000000
2019-11-14 15:37:11.121011, 162.511276, 2.831811, 2.831889, 2.096054, 488.000000
2019-11-14 15:37:12.447776, 163.802964, 2.832111, 2.832209, 2.093117, 489.000000
2019-11-14 15:37:13.767433, 165.129729, 2.832499, 2.832520, 2.090713, 489.000000
2019-11-14 15:37:15.062424, 166.449386, 2.832778, 2.832812, 2.088605, 489.000000
2019-11-14 15:37:16.399542, 167.744378, 2.833046, 2.833102, 2.086604, 489.000000
2019-11-14 15:37:17.707277, 169.081496, 2.833308, 2.832890, 2.115290, 489.000000
2019-11-14 15:37:18.996853, 170.389231, 2.833029, 2.833067, 2.114589, 96.000000
2019-11-14 15:37:20.302880, 171.678807, 2.833548, 2.833906, 2.113628, 489.000000
2019-11-14 15:37:21.612083, 172.984833, 2.834135, 2.834163, 2.112038, 488.000000
2019-11-14 15:37:22.921586, 174.294037, 2.834368, 2.834408, 2.110507, 489.000000
2019-11-14 15:37:24.218819, 175.603539, 2.834667, 2.834643, 2.109083, 489.000000
2019-11-14 15:37:25.597183, 176.900773, 2.834885, 2.834890, 2.107600, 488.000000
2019-11-14 15:37:26.895110, 178.279136, 2.835097, 2.835114, 2.106240, 489.000000
2019-11-14 15:37:28.313791, 179.577064, 2.835370, 2.835344, 2.104812, 488.000000
2019-11-14 15:37:29.661607, 180.995745, 2.835573, 2.835570, 2.103495, 488.000000
2019-11-14 15:37:30.956507, 182.343560, 2.835766, 2.835774, 2.102277, 489.000000
2019-11-14 15:37:32.323823, 183.638460, 2.836019, 2.835986, 2.100969, 488.000000
2019-11-14 15:37:33.621251, 185.005776, 2.836202, 2.836182, 2.099734, 488.000000
2019-11-14 15:37:34.942386, 186.303205, 2.836385, 2.836375, 2.098564, 489.000000
2019-11-14 15:37:36.273334, 187.624339, 2.836616, 2.836632, 2.123276, 488.000000
2019-11-14 15:37:37.562069, 188.955288, 2.836803, 2.836756, 2.121905, 488.000000
2019-11-14 15:37:38.888545, 190.244022, 2.836969, 2.836936, 2.120636, 488.000000
2019-11-14 15:37:40.217178, 191.570498, 2.837132, 2.837113, 2.119315, 487.000000
2019-11-14 15:37:41.521471, 192.899132, 2.837339, 2.837283, 2.118247, 487.000000
2019-11-14 15:37:42.884564, 194.203424, 2.837499, 2.837453, 2.117057, 488.000000
2019-11-14 15:37:44.182876, 195.566518, 2.837651, 2.837614, 2.115937, 488.000000
2019-11-14 15:37:45.550255, 196.864830, 2.837848, 2.837779, 2.114779, 488.000000
2019-11-14 15:37:46.848532, 198.232208, 2.837990, 2.837931, 2.113699, 489.000000
2019-11-14 15:37:48.166003, 199.530485, 2.838133, 2.838084, 2.112611, 487.000000
2019-11-14 15:37:49.495339, 200.847956, 2.838319, 2.838233, 2.111513, 487.000000
2019-11-14 15:37:50.843615, 202.177292, 2.838453, 2.838376, 2.110420, 487.000000
2019-11-14 15:37:52.163755, 203.525569, 2.838586, 2.838525, 2.109347, 487.000000
2019-11-14 15:37:53.451645, 204.845708, 2.838715, 2.838661, 2.108331, 488.000000
2019-11-14 15:37:54.828220, 206.133599, 2.838884, 2.838813, 2.124186, 488.000000
2019-11-14 15:37:56.126685, 207.510173, 2.839020, 2.838945, 2.123043, 487.000000
2019-11-14 15:37:57.451007, 208.808639, 2.839144, 2.839077, 2.121953, 488.000000
