t, t_rel, V_sys, V_bat, V_in, lux
2019-11-13 18:00:41.736835, 0.000000, 0.000024, 3.427214, 0.042084, 0.000000
2019-11-13 18:00:43.057138, 1.294863, 0.000021, 3.427212, 0.042654, 0.000000
2019-11-13 18:00:44.347083, 2.615167, 0.000023, 3.427208, 0.043103, 0.000000
2019-11-13 18:00:45.717120, 3.905111, 0.000019, 3.427207, 0.043442, 0.000000
2019-11-13 18:00:47.017109, 5.275148, 0.000023, 3.427204, 0.043555, 0.000000
2019-11-13 18:00:48.337161, 6.575137, 0.000021, 3.429450, 0.043605, 0.000000
2019-11-13 18:00:49.647167, 7.895190, 0.000019, 3.427114, 0.043611, 0.000000
2019-11-13 18:00:50.947161, 9.205195, 0.000018, 3.436952, 0.039856, 0.000000
2019-11-13 18:00:52.247067, 10.505190, 0.000021, 3.427203, 0.045450, 0.000000
2019-11-13 18:00:53.557181, 11.805096, 0.000020, 3.427179, 0.039224, 0.000000
2019-11-13 18:00:54.877185, 13.115210, 0.000019, 3.430720, 0.042716, 0.000000
2019-11-13 18:00:56.177234, 14.435214, 0.000019, 3.427081, 0.042408, 0.000000
2019-11-13 18:00:57.496896, 15.735263, 0.000020, 3.426750, 0.042228, 0.000000
2019-11-13 18:00:58.827254, 17.054925, 0.000019, 2.510829, 0.044634, 0.000000
2019-11-13 18:01:00.129454, 18.385283, 2.098491, 2.646362, 0.041745, 0.000000
2019-11-13 18:01:01.439487, 19.687483, 2.199902, 2.591871, 0.041891, 0.000000
2019-11-13 18:01:02.769440, 20.997516, 2.204250, 2.618769, 0.042025, 0.000000
2019-11-13 18:01:04.069227, 22.327469, 2.230186, 2.612667, 0.042121, 0.000000
2019-11-13 18:01:05.449451, 23.627256, 2.197915, 2.616736, 0.042189, 0.000000
2019-11-13 18:01:06.779529, 25.007479, 2.201018, 2.608678, 0.042231, 0.000000
2019-11-13 18:01:08.099210, 26.337558, 2.170444, 2.597881, 0.042015, 0.000000
2019-11-13 18:01:09.399256, 27.657239, 2.174243, 2.582959, 0.042168, 0.000000
2019-11-13 18:01:10.719477, 28.957285, 2.157926, 2.601752, 0.042209, 0.000000
2019-11-13 18:01:12.049543, 30.277506, 2.132021, 2.593961, 0.042059, 0.000000
2019-11-13 18:01:13.349260, 31.607572, 2.163203, 2.562571, 0.042255, 0.000000
2019-11-13 18:01:14.661034, 32.907289, 2.109471, 2.574407, 0.042215, 0.000000
2019-11-13 18:01:15.991043, 34.228907, 2.124084, 2.564866, 0.042426, 0.000000
2019-11-13 18:01:17.301085, 35.549072, 2.130566, 2.535128, 0.042070, 0.000000
2019-11-13 18:01:18.660996, 36.859113, 2.120475, 2.546659, 0.041967, 0.000000
2019-11-13 18:01:19.951013, 38.219025, 2.086787, 2.551139, 0.041568, 0.000000
2019-11-13 18:01:21.330787, 39.509041, 2.114241, 2.516466, 0.041862, 0.000000
2019-11-13 18:01:22.621038, 40.888816, 2.061804, 2.549595, 0.041908, 0.000000
2019-11-13 18:01:23.941064, 42.179067, 2.102623, 2.532121, 0.039706, 0.000000
2019-11-13 18:01:25.273082, 43.508832, 2.088170, 2.526919, 0.041813, 0.000000
2019-11-13 18:01:26.563122, 44.831111, 2.081072, 2.486609, 0.041112, 0.000000
2019-11-13 18:01:27.983022, 46.121151, 2.064785, 2.501746, 0.041851, 0.000000
2019-11-13 18:01:29.373190, 47.541051, 2.019395, 2.463850, 0.041858, 0.000000
2019-11-13 18:01:30.723113, 48.931218, 2.065464, 2.491175, 0.041832, 0.000000
2019-11-13 18:01:32.013107, 50.281142, 2.041863, 2.488129, 0.041752, 0.000000
2019-11-13 18:01:33.433130, 51.571136, 2.034745, 2.469753, 0.041614, 0.000000
2019-11-13 18:01:34.773102, 52.991158, 2.018419, 2.512000, 0.041755, 0.000000
2019-11-13 18:01:36.063053, 54.331131, 2.107080, 2.495833, 0.041756, 0.000000
2019-11-13 18:01:37.462830, 55.621082, 2.023747, 2.460773, 0.041753, 0.000000
2019-11-13 18:01:38.803130, 57.020859, 1.976844, 2.446092, 0.041748, 0.000000
2019-11-13 18:01:40.113184, 58.361159, 2.086971, 2.450731, 0.041739, 0.000000
2019-11-13 18:01:41.422845, 59.671213, 2.048460, 2.417739, 0.041717, 0.000000
2019-11-13 18:01:42.733137, 60.980874, 0.014942, 3.150413, 0.041820, 0.000000
2019-11-13 18:01:44.062880, 62.291166, 0.000046, 3.151827, 0.041895, 0.000000
2019-11-13 18:01:45.353176, 63.620908, 0.000035, 3.152869, 0.041825, 0.000000
2019-11-13 18:01:46.732856, 64.911205, 0.000033, 3.153828, 0.041152, 0.000000
2019-11-13 18:01:48.033044, 66.290885, 0.000030, 3.154640, 0.042052, 0.000000
2019-11-13 18:01:49.354845, 67.591072, 0.000024, 3.155388, 0.042096, 0.000000
2019-11-13 18:01:50.674547, 68.912874, 0.000023, 3.156068, 0.042132, 0.000000
2019-11-13 18:01:51.964845, 70.232576, 0.000021, 3.156684, 0.042163, 0.000000
2019-11-13 18:01:53.294547, 71.522874, 0.000019, 3.157267, 0.042192, 0.000000
2019-11-13 18:01:54.614839, 72.852575, 0.000020, 3.157808, 0.042216, 0.000000
2019-11-13 18:01:55.914832, 74.172868, 0.000018, 3.158302, 0.042241, 0.000000
2019-11-13 18:01:57.284920, 75.472861, 0.000018, 3.158788, 0.042256, 0.000000
2019-11-13 18:01:58.574602, 76.842949, 0.000019, 3.159218, 0.042269, 0.000000
2019-11-13 18:01:59.954864, 78.132631, 0.000018, 3.159647, 0.042284, 0.000000
2019-11-13 18:02:01.244824, 79.512893, 0.000018, 3.160027, 0.042293, 0.000000
2019-11-13 18:02:02.574886, 80.802853, 0.000017, 3.160394, 0.042301, 0.000000
2019-11-13 18:02:03.894706, 82.132915, 0.000014, 3.160740, 0.042301, 0.000000
2019-11-13 18:02:05.186596, 83.452735, 0.000017, 3.161061, 0.042275, 0.000000
2019-11-13 18:02:06.516872, 84.744625, 0.000015, 3.161373, 0.042266, 0.000000
2019-11-13 18:02:07.836949, 86.074901, 0.000015, 3.161667, 0.042243, 0.000000
2019-11-13 18:02:09.136887, 87.394978, 0.000015, 3.161942, 0.042231, 0.000000
2019-11-13 18:02:10.456905, 88.694916, 0.000019, 3.162209, 0.042220, 0.000000
2019-11-13 18:02:11.776862, 90.014934, 0.000019, 3.162464, 0.042206, 0.000000
2019-11-13 18:02:13.076612, 91.334891, 0.000018, 3.162702, 0.042185, 0.000000
2019-11-13 18:02:14.446892, 92.634640, 0.000020, 3.162944, 0.043011, 0.000000
2019-11-13 18:02:15.746880, 94.004921, 0.000019, 3.163160, 0.042146, 0.000000
2019-11-13 18:02:17.116634, 95.304909, 0.000020, 3.163382, 0.042104, 0.000000
2019-11-13 18:02:18.456854, 96.674663, 0.000020, 3.163581, 0.035819, 0.000000
2019-11-13 18:02:19.788836, 98.014883, 0.000018, 3.163784, 0.035176, 0.000000
2019-11-13 18:02:21.088839, 99.346864, 0.000018, 3.163968, 0.029242, 0.000000
2019-11-13 18:02:22.450067, 100.646868, 0.000021, 3.164155, 0.035938, 0.000000
2019-11-13 18:02:23.750060, 102.008096, 0.000020, 3.164325, 0.041760, 0.000000
2019-11-13 18:02:25.069813, 103.308088, 0.000020, 3.164492, 0.041985, 0.000000
2019-11-13 18:02:26.400048, 104.627842, 0.000020, 3.164653, 0.042058, 0.000000
2019-11-13 18:02:27.690032, 105.958076, 0.000018, 3.164803, 0.042071, 0.000000
2019-11-13 18:02:29.019821, 107.248061, 0.000017, 3.164953, 0.041990, 0.000000
2019-11-13 18:02:30.340107, 108.577850, 0.000020, 3.165097, 0.038326, 0.000000
2019-11-13 18:02:31.640080, 109.898135, 0.000018, 3.165233, 0.041916, 0.000000
2019-11-13 18:02:32.959783, 111.198109, 0.000017, 3.165367, 0.034058, 0.000000
2019-11-13 18:02:34.280151, 112.517812, 0.000021, 3.165497, 0.037074, 0.000000
2019-11-13 18:02:35.579796, 113.838180, 0.000020, 3.165620, 0.042136, 0.000000
2019-11-13 18:02:36.950076, 115.137825, 0.000019, 3.165746, 0.031439, 0.000000
2019-11-13 18:02:38.250148, 116.508105, 0.000018, 3.165860, 0.032573, 0.000000
2019-11-13 18:02:39.580098, 117.808177, 0.000018, 3.165976, 0.040693, 0.000000
2019-11-13 18:02:40.899805, 119.138127, 0.000021, 3.166085, 0.040336, 0.000000
2019-11-13 18:02:42.190112, 120.457834, 0.000020, 3.166189, 0.042058, 0.000000
2019-11-13 18:02:43.509833, 121.748141, 0.000021, 3.166292, 0.043297, 0.000000
2019-11-13 18:02:44.841758, 123.067862, 0.000020, 3.166392, 0.031390, 0.000000
2019-11-13 18:02:46.131991, 124.399787, 0.000021, 3.166487, 0.043403, 0.000000
2019-11-13 18:02:47.461738, 125.690020, 0.000020, 3.166581, 0.041583, 0.000000
2019-11-13 18:02:48.782073, 127.019767, 0.000019, 3.166673, 0.038539, 0.000000
2019-11-13 18:02:50.073438, 128.340101, 0.000021, 3.166760, 0.041248, 0.000000
2019-11-13 18:02:51.453365, 129.631466, 0.000021, 3.166851, 0.025997, 0.000000
2019-11-13 18:02:52.743436, 131.011394, 0.000020, 3.166932, 0.041983, 0.000000
2019-11-13 18:02:54.123114, 132.301464, 0.000020, 3.167018, 0.042020, 0.000000
2019-11-13 18:02:55.413378, 133.681143, 0.000020, 3.167095, 0.042020, 0.000000
2019-11-13 18:02:56.734349, 134.971406, 0.000021, 3.167173, 0.042019, 0.000000
2019-11-13 18:02:58.064058, 136.292377, 0.000023, 3.167248, 0.042019, 0.000000
2019-11-13 18:02:59.364364, 137.622087, 0.000020, 3.167320, 0.041410, 0.000000
2019-11-13 18:03:00.684328, 138.922393, 0.000020, 3.167390, 0.040402, 0.000000
2019-11-13 18:03:02.004352, 140.242357, 0.000021, 3.167461, 0.029519, 0.000000
2019-11-13 18:03:03.294248, 141.562381, 0.000020, 3.167526, 0.042311, 0.000000
2019-11-13 18:03:04.674365, 142.852277, 0.000021, 3.167595, 0.042097, 0.000000
2019-11-13 18:03:05.964075, 144.232394, 0.000021, 3.167657, 0.042052, 0.000000
2019-11-13 18:03:07.344399, 145.522103, 0.000020, 3.167723, 0.007042, 0.000000
2019-11-13 18:03:08.640119, 146.902428, 0.000021, 3.167783, 0.039686, 0.000000
